8
9999 10000 10000 9999
-9000 9000 -4000 6000
-3998 5999 999 8999
1000 4000 -9000 5500
1000 -2000 2000 -3000
3000 -2000 2000 -3000
2000 -3000 1000 -4000
3000 -4000 2000 -3000
22
-10000 -10000 10000 10000
-10000 -10000 9999 9999
-10000 -10000 9998 9999
10000 0 10000 10000
10000 0 10000 9999
0 9999 9999 9999
10000 10000 3837 9282
9998 10000 10000 9997
9999 9999 9999 9999
9999 9997 9999 9998
1000 1000 1000 1000
-10000 10000 9998 10000
10000 0 10000 9998
-3999 9000 -3999 5501
-3999 9000 -3999 5500
1000 4000 -9000 9000
-4000 9000 -3998 4000
-4000 9000 -3998 6000
0 4000 2000 4000
1000 -4000 3000 -2000
1500 -1000 1500 -5000
500 -3000 1500 -4000
hahahahahahaha!