0
1
00
10
01
11
000
100
010
110
001
101
011
111
0000
1000
0100
1100
0010
1010
0110
1110
0001
1001
0101
1101
0011
1011
0111
1111
00000
10000
01000
11000
00100
10100
01100
11100
00010
10010
01010
11010
00110
10110
01110
11110
00001
10001
01001
11001
00101
10101
01101
11101
00011
10011
01011
11011
00111
10111
01111
11111
000000
100000
010000
110000
001000
101000
011000
111000
000100
100100
010100
110100
001100
101100
011100
111100
000010
100010
010010
110010
001010
101010
011010
111010
000110
100110
010110
110110
001110
101110
011110
111110
000001
100001
010001
110001
001001
101001
011001
111001
000101
100101
010101
110101
001101
101101
011101
111101
000011
100011
010011
110011
001011
101011
011011
111011
000111
100111
010111
110111
001111
101111
011111
111111
0000000
00000000
000000000
0000000000
00000000000
000000000000
0000000000000
00000000000000
1111111
11111111
111111111
1111111111
11111111111
111111111111
1111111111111
11111111111111
1101000
1111100
1010010
1110010
1001010
0011110
0101110
1001001
1010101
1111101
0001000
0010100
0111110
1010011
0100010
0110110
1110001
1101101
1011011
0011100
0101010
00100000
00011100
10011100
10000110
00101001
11001000
00100100
00111100
10001010
01100110
11011011
01101101
10110110
111011001
000001101
101110011
011101111
001111011
010000000
001100000
000110000
001001000
010000100
1000000000
1001100000
1111010000
1010001000
1101101000
0001000000
0101011000
0011110100
0100010010
0001000110
0001001000
0001111000
0010000100
0011001100
0100000010
1110111000
1010101100
1000001110
0011010101
0101100011
0100010100
0010100010
1001111001
1111001111
0110110110
1101101101
01100000000
10100100000
01101000100
11011000010
00111001001
11011000000
00000100000
01011111010
01111111110
10010110010
11010010000
10000111010
01111011110
01011100001
01000011001
10110110110
111100000000
010010010000
100110001000
001110011000
100100111111
111110011111
111101101111
010001001111
110110011011
110010010011
011011011011
101101101101
110110110110
1011010000000
1011001111100
0001001010111
0100001001111
1000001010100
0001011011100
0011101010010
0110000011110
1001111010101
1000111101011
1011010000000
1011001111100
0001001010111
0100001001111
1000001010100
0001011011100
0011101010010
0110000011110
1001111010101
1000111101011
1011010011011
1011000111011
1011100101011
1011110001011
0111110111110
0011100011100
11100000000010
01111011111001
10011100010111
01000100101101
11010000000001
10111000011101
10010111101001
00100000000100